0.055, 0.000, 0.000, 0.000
0.073, 0.000, 0.000, 0.000
0.090, 0.000, 0.000, 0.000
0.105, 0.000, 0.000, 0.000
0.122, 0.000, 0.000, 0.000
0.140, 0.000, 0.000, 0.000
0.156, 0.000, 0.000, 0.000
0.173, 0.000, 0.000, 0.000
0.189, 0.000, 0.000, 0.000
0.206, 0.000, 0.000, 0.000
0.224, 0.000, 0.000, 0.000
0.239, 0.000, 0.000, 0.000
0.256, 0.000, 0.000, 0.000
0.273, 0.000, 0.000, 0.000
0.289, 0.000, 0.000, 0.000
0.306, 0.000, 0.000, 0.000
0.324, 0.000, 0.000, 0.000
0.339, 0.000, 0.000, 0.000
0.356, 0.000, 0.000, 0.000
0.373, 0.000, 0.000, 0.000
0.389, 0.000, 0.000, 0.000
0.406, 0.000, 0.000, 0.000
0.422, 0.000, 0.000, 0.000
0.440, 0.000, 0.000, 0.000
0.456, -0.211, 0.354, 0.032
0.473, -0.211, 0.353, 0.032
0.489, -0.211, 0.354, 0.032
0.506, -0.211, 0.354, 0.032
0.523, -0.211, 0.353, 0.032
0.539, -0.211, 0.354, 0.032
0.556, -0.211, 0.354, 0.032
0.572, -0.211, 0.354, 0.032
0.589, -0.211, 0.354, 0.032
0.606, -0.211, 0.353, 0.032
0.622, -0.211, 0.354, 0.032
0.639, -0.211, 0.354, 0.032
0.655, -0.211, 0.354, 0.032
0.672, -0.211, 0.354, 0.032
0.689, -0.211, 0.354, 0.032
0.705, -0.211, 0.354, 0.032
0.722, -0.211, 0.354, 0.032
0.739, -0.211, 0.354, 0.032
0.755, -0.211, 0.354, 0.032
0.772, -0.211, 0.354, 0.032
0.790, -0.211, 0.354, 0.032
0.806, -0.211, 0.354, 0.032
0.823, -0.211, 0.354, 0.032
0.839, -0.211, 0.354, 0.032
0.856, -0.211, 0.354, 0.032
0.873, -0.211, 0.354, 0.032
0.889, -0.211, 0.354, 0.032
0.906, -0.211, 0.354, 0.032
0.922, -0.211, 0.354, 0.032
0.939, -0.211, 0.354, 0.032
0.956, -0.211, 0.354, 0.032
0.972, -0.211, 0.354, 0.032
0.989, -0.211, 0.354, 0.032
1.006, -0.211, 0.354, 0.032
1.022, -0.211, 0.354, 0.032
1.039, -0.211, 0.354, 0.032
1.056, -0.211, 0.353, 0.032
1.073, -0.211, 0.354, 0.032
1.089, -0.211, 0.354, 0.032
1.106, -0.211, 0.354, 0.032
1.122, -0.211, 0.354, 0.032
1.139, -0.211, 0.354, 0.032
1.155, -0.211, 0.354, 0.032
1.172, -0.211, 0.353, 0.032
1.189, -0.211, 0.354, 0.032
1.205, -0.211, 0.353, 0.032
1.222, -0.211, 0.353, 0.032
1.239, -0.211, 0.353, 0.032
1.255, -0.211, 0.353, 0.032
1.272, -0.211, 0.353, 0.032
1.289, -0.211, 0.354, 0.032
1.305, -0.211, 0.353, 0.032
1.322, -0.211, 0.354, 0.032
1.339, -0.211, 0.354, 0.032
1.356, -0.211, 0.353, 0.032
1.372, -0.211, 0.354, 0.032
1.389, -0.211, 0.354, 0.032
1.405, -0.211, 0.354, 0.032
1.422, -0.211, 0.354, 0.032
1.439, -0.211, 0.354, 0.032
1.455, -0.211, 0.354, 0.032
1.472, -0.211, 0.354, 0.032
1.489, -0.211, 0.354, 0.032
1.505, -0.211, 0.354, 0.032
1.522, -0.211, 0.353, 0.032
1.539, -0.211, 0.353, 0.032
1.555, -0.211, 0.354, 0.032
1.572, -0.211, 0.354, 0.032
1.589, -0.211, 0.354, 0.032
1.605, -0.211, 0.354, 0.032
1.622, -0.211, 0.354, 0.032
1.639, -0.211, 0.354, 0.032
1.655, -0.211, 0.354, 0.032
1.672, -0.211, 0.353, 0.032
1.689, -0.211, 0.354, 0.032
1.705, -0.211, 0.354, 0.032
1.722, -0.211, 0.354, 0.032
1.739, -0.211, 0.354, 0.032
1.755, -0.211, 0.354, 0.032
1.772, -0.211, 0.354, 0.032
1.789, -0.211, 0.353, 0.032
1.805, -0.211, 0.354, 0.032
1.822, -0.211, 0.354, 0.032
1.839, -0.211, 0.353, 0.032
1.855, -0.211, 0.354, 0.032
1.872, -0.211, 0.354, 0.032
1.889, -0.211, 0.354, 0.032
1.906, -0.211, 0.354, 0.032
1.924, -0.211, 0.354, 0.032
1.939, -0.211, 0.354, 0.032
1.956, -0.211, 0.354, 0.032
1.972, -0.211, 0.354, 0.032
1.989, -0.211, 0.354, 0.032
2.006, -0.211, 0.353, 0.032
2.022, -0.211, 0.354, 0.032
2.039, -0.211, 0.354, 0.032
2.056, -0.211, 0.354, 0.032
2.072, -0.211, 0.354, 0.032
2.089, -0.211, 0.353, 0.032
2.106, -0.211, 0.354, 0.032
2.122, -0.211, 0.354, 0.032
2.139, -0.211, 0.354, 0.032
2.156, -0.211, 0.354, 0.032
2.172, -0.211, 0.353, 0.032
2.189, -0.211, 0.354, 0.032
2.206, -0.211, 0.354, 0.032
2.222, -0.211, 0.354, 0.032
2.239, -0.211, 0.354, 0.032
2.256, -0.211, 0.354, 0.032
2.272, -0.211, 0.354, 0.032
2.289, -0.211, 0.354, 0.032
2.306, -0.211, 0.354, 0.032
2.322, -0.211, 0.354, 0.032
2.339, -0.211, 0.354, 0.032
2.356, -0.211, 0.353, 0.032
2.372, -0.211, 0.353, 0.032
2.389, -0.211, 0.354, 0.032
2.406, -0.211, 0.354, 0.032
2.422, -0.211, 0.354, 0.032
2.439, -0.211, 0.354, 0.032
2.456, -0.211, 0.354, 0.032
2.472, -0.211, 0.354, 0.032
2.489, -0.211, 0.354, 0.032
2.506, -0.211, 0.354, 0.032
2.522, -0.211, 0.354, 0.032
2.541, -0.211, 0.354, 0.032
2.556, -0.211, 0.354, 0.032
2.572, -0.211, 0.354, 0.032
2.589, -0.211, 0.354, 0.032
2.606, -0.211, 0.354, 0.032
2.622, -0.211, 0.354, 0.032
2.639, -0.211, 0.354, 0.032
2.656, -0.211, 0.354, 0.032
2.672, -0.211, 0.354, 0.032
2.689, -0.211, 0.354, 0.032
2.706, -0.211, 0.354, 0.032
2.722, -0.211, 0.353, 0.032
2.739, -0.211, 0.354, 0.032
2.756, -0.211, 0.354, 0.032
2.772, -0.211, 0.354, 0.032
2.789, -0.211, 0.354, 0.032
2.806, -0.211, 0.354, 0.032
2.822, -0.211, 0.354, 0.032
2.839, -0.211, 0.354, 0.032
2.856, -0.211, 0.354, 0.032
2.872, -0.211, 0.354, 0.032
2.889, -0.211, 0.354, 0.032
2.906, -0.211, 0.354, 0.032
2.922, -0.211, 0.354, 0.032
2.939, -0.211, 0.354, 0.032
2.956, -0.211, 0.354, 0.032
2.972, -0.211, 0.354, 0.032
2.989, -0.211, 0.354, 0.032
3.006, -0.211, 0.354, 0.032
3.022, -0.211, 0.354, 0.032
3.039, -0.211, 0.354, 0.032
3.056, -0.211, 0.354, 0.032
3.072, -0.211, 0.354, 0.032
3.089, -0.211, 0.354, 0.032
3.106, -0.211, 0.354, 0.032
3.123, -0.211, 0.354, 0.032
3.139, -0.211, 0.354, 0.032
3.156, -0.211, 0.354, 0.032
3.172, -0.211, 0.353, 0.032
3.189, -0.211, 0.354, 0.032
3.206, -0.211, 0.354, 0.032
3.222, -0.211, 0.354, 0.032
3.239, -0.211, 0.354, 0.032
3.256, -0.211, 0.354, 0.032
3.273, -0.211, 0.354, 0.032
3.289, -0.211, 0.354, 0.032
3.306, -0.211, 0.354, 0.032
3.323, -0.211, 0.354, 0.032
3.339, -0.211, 0.354, 0.032
3.356, -0.211, 0.354, 0.032
3.372, -0.211, 0.354, 0.032
3.389, -0.211, 0.354, 0.032
3.406, -0.211, 0.354, 0.032
3.422, -0.211, 0.354, 0.032
3.439, -0.211, 0.354, 0.032
3.456, -0.211, 0.354, 0.032
3.472, -0.211, 0.354, 0.032
3.490, -0.211, 0.353, 0.032
3.506, -0.211, 0.354, 0.032
3.523, -0.211, 0.354, 0.032
3.539, -0.211, 0.353, 0.032
3.556, -0.211, 0.353, 0.032
3.573, -0.211, 0.354, 0.032
3.589, -0.211, 0.353, 0.032
3.606, -0.211, 0.353, 0.032
3.622, -0.211, 0.354, 0.032
3.639, -0.211, 0.354, 0.032
3.656, -0.211, 0.354, 0.032
3.672, -0.211, 0.354, 0.032
3.689, -0.211, 0.353, 0.032
3.706, -0.211, 0.354, 0.032
3.722, -0.211, 0.354, 0.032
3.739, -0.211, 0.354, 0.032
3.755, -0.211, 0.354, 0.032
3.772, -0.211, 0.354, 0.032
3.789, -0.211, 0.353, 0.032
3.806, -0.211, 0.354, 0.032
3.822, -0.211, 0.354, 0.032
3.839, -0.211, 0.354, 0.032
3.855, -0.211, 0.354, 0.032
3.872, -0.211, 0.354, 0.032
3.894, -0.211, 0.354, 0.032
3.906, -0.211, 0.353, 0.032
3.922, -0.211, 0.354, 0.032
3.939, -0.211, 0.354, 0.032
3.955, -0.211, 0.353, 0.032
3.972, -0.211, 0.354, 0.032
3.989, -0.211, 0.353, 0.032
4.006, -0.211, 0.354, 0.032
4.022, -0.211, 0.354, 0.032
4.039, -0.211, 0.354, 0.032
4.055, -0.211, 0.353, 0.032
4.072, -0.211, 0.354, 0.032
4.089, -0.211, 0.354, 0.032
4.105, -0.211, 0.354, 0.032
4.122, -0.211, 0.354, 0.032
4.139, -0.211, 0.354, 0.032
4.156, -0.211, 0.354, 0.032
4.172, -0.211, 0.354, 0.032
4.189, -0.211, 0.354, 0.032
4.205, -0.211, 0.354, 0.032
4.222, -0.211, 0.354, 0.032
4.239, -0.211, 0.354, 0.032
4.255, -0.211, 0.354, 0.032
4.272, -0.211, 0.354, 0.032
4.289, -0.211, 0.354, 0.032
4.306, -0.211, 0.354, 0.032
4.322, -0.211, 0.354, 0.032
4.339, -0.211, 0.354, 0.032
4.355, -0.211, 0.354, 0.032
4.372, -0.211, 0.354, 0.032
4.389, -0.211, 0.354, 0.032
4.405, -0.211, 0.354, 0.032
4.422, -0.211, 0.354, 0.032
4.439, -0.211, 0.354, 0.032
4.456, -0.211, 0.354, 0.032
4.472, -0.211, 0.354, 0.032
4.489, -0.211, 0.354, 0.032
4.506, -0.211, 0.354, 0.032
4.522, -0.211, 0.354, 0.032
4.539, -0.211, 0.354, 0.032
4.555, -0.211, 0.354, 0.032
4.572, -0.211, 0.354, 0.032
4.589, -0.211, 0.354, 0.032
4.606, -0.211, 0.354, 0.032
4.623, -0.211, 0.354, 0.032
4.639, -0.211, 0.354, 0.032
4.655, -0.211, 0.354, 0.032
4.672, -0.211, 0.354, 0.032
4.689, -0.211, 0.353, 0.032
4.706, -0.211, 0.354, 0.032
4.722, -0.211, 0.354, 0.032
4.739, -0.211, 0.354, 0.032
4.755, -0.211, 0.354, 0.032
4.772, -0.211, 0.354, 0.032
4.789, -0.211, 0.353, 0.032
4.806, -0.211, 0.354, 0.032
4.822, -0.211, 0.354, 0.032
4.839, -0.211, 0.354, 0.032
4.855, -0.211, 0.354, 0.032
4.872, -0.211, 0.354, 0.032
4.889, -0.211, 0.354, 0.032
4.906, -0.211, 0.354, 0.032
4.922, -0.211, 0.354, 0.032
4.939, -0.211, 0.354, 0.032
4.956, -0.211, 0.354, 0.032
4.972, -0.211, 0.354, 0.032
4.989, -0.211, 0.354, 0.032
5.005, -0.211, 0.354, 0.032
5.022, -0.211, 0.354, 0.032
5.039, -0.211, 0.354, 0.032
5.055, -0.211, 0.354, 0.032
5.072, -0.211, 0.354, 0.032
5.089, -0.211, 0.354, 0.032
5.106, -0.211, 0.354, 0.032
5.122, -0.211, 0.354, 0.032
5.139, -0.211, 0.354, 0.032
5.158, -0.211, 0.354, 0.032
5.172, -0.211, 0.354, 0.032
5.189, -0.211, 0.354, 0.032
5.205, -0.211, 0.354, 0.032
5.222, -0.211, 0.354, 0.032
5.239, -0.211, 0.354, 0.032
5.255, -0.211, 0.354, 0.032
5.272, -0.211, 0.354, 0.032
5.289, -0.211, 0.354, 0.032
5.305, -0.211, 0.354, 0.032
5.322, -0.211, 0.354, 0.032
5.339, -0.211, 0.354, 0.032
5.355, -0.211, 0.354, 0.032
5.372, -0.211, 0.354, 0.032
5.389, -0.211, 0.354, 0.032
5.405, -0.211, 0.354, 0.032
5.422, -0.211, 0.354, 0.032
5.439, -0.211, 0.354, 0.032
5.455, -0.211, 0.354, 0.032
5.472, -0.211, 0.353, 0.032
5.489, -0.211, 0.354, 0.032
5.506, -0.211, 0.354, 0.032
5.522, -0.211, 0.354, 0.032
5.539, -0.211, 0.354, 0.032
5.556, -0.211, 0.354, 0.032
5.572, -0.211, 0.354, 0.032
5.589, -0.211, 0.354, 0.032
5.606, -0.211, 0.354, 0.032
5.622, -0.211, 0.354, 0.032
5.639, -0.211, 0.354, 0.032
5.656, -0.211, 0.354, 0.032
5.672, -0.211, 0.354, 0.032
5.689, -0.211, 0.354, 0.032
5.705, -0.211, 0.354, 0.032
5.722, -0.211, 0.354, 0.032
5.739, -0.211, 0.354, 0.032
5.756, -0.211, 0.353, 0.032
5.772, -0.211, 0.354, 0.032
5.789, -0.211, 0.354, 0.032
5.805, -0.211, 0.354, 0.032
5.822, -0.211, 0.353, 0.032
5.839, -0.211, 0.354, 0.032
5.855, -0.211, 0.353, 0.032
5.872, -0.211, 0.353, 0.032
5.889, -0.211, 0.354, 0.032
5.905, -0.211, 0.354, 0.032
5.922, -0.211, 0.353, 0.032
5.939, -0.211, 0.354, 0.032
5.955, -0.211, 0.354, 0.032
5.972, -0.211, 0.354, 0.032
5.989, -0.211, 0.354, 0.032
6.005, -0.211, 0.353, 0.032
6.022, -0.211, 0.354, 0.032
6.039, -0.211, 0.354, 0.032
6.055, -0.211, 0.354, 0.032
6.072, -0.211, 0.354, 0.032
6.089, -0.211, 0.353, 0.032
6.105, -0.211, 0.353, 0.032
6.122, -0.211, 0.354, 0.032
6.139, -0.211, 0.354, 0.032
6.155, -0.211, 0.354, 0.032
6.172, -0.211, 0.354, 0.032
6.189, -0.211, 0.353, 0.032
6.205, -0.211, 0.354, 0.032
6.222, -0.211, 0.354, 0.032
6.239, -0.211, 0.354, 0.032
6.255, -0.211, 0.354, 0.032
6.272, -0.211, 0.354, 0.032
6.289, -0.211, 0.354, 0.032
6.305, -0.211, 0.354, 0.032
6.322, -0.211, 0.354, 0.032
6.339, -0.211, 0.353, 0.032
6.356, -0.211, 0.354, 0.032
6.372, -0.211, 0.354, 0.032
6.389, -0.211, 0.354, 0.032
6.405, -0.211, 0.354, 0.032
6.423, -0.211, 0.354, 0.032
6.439, -0.211, 0.353, 0.032
6.455, -0.211, 0.354, 0.032
6.472, -0.211, 0.354, 0.032
6.489, -0.211, 0.353, 0.032
6.506, -0.211, 0.354, 0.032
6.526, -0.211, 0.353, 0.032
6.539, -0.211, 0.354, 0.032
6.555, -0.211, 0.354, 0.032
6.572, -0.211, 0.354, 0.032
6.589, -0.211, 0.354, 0.032
6.605, -0.211, 0.354, 0.032
6.622, -0.211, 0.354, 0.032
6.639, -0.211, 0.354, 0.032
6.655, -0.211, 0.354, 0.032
6.672, -0.211, 0.354, 0.032
6.689, -0.211, 0.354, 0.032
6.706, -0.211, 0.354, 0.032
6.722, -0.211, 0.354, 0.032
6.741, -0.211, 0.354, 0.032
6.755, -0.211, 0.354, 0.032
6.772, -0.211, 0.354, 0.032
6.789, -0.211, 0.354, 0.032
6.805, -0.211, 0.353, 0.032
6.822, -0.211, 0.354, 0.032
6.839, -0.211, 0.353, 0.032
6.855, -0.211, 0.354, 0.032
6.872, -0.211, 0.354, 0.032
6.889, -0.211, 0.354, 0.032
6.905, -0.211, 0.354, 0.032
6.922, -0.211, 0.354, 0.032
6.939, -0.211, 0.354, 0.032
6.955, -0.211, 0.354, 0.032
6.972, -0.211, 0.353, 0.032
6.989, -0.211, 0.353, 0.032
7.006, -0.211, 0.354, 0.032
7.022, -0.211, 0.354, 0.032
7.039, -0.211, 0.354, 0.032
7.055, -0.211, 0.354, 0.032
7.073, -0.211, 0.353, 0.032
7.089, -0.211, 0.354, 0.032
7.105, -0.211, 0.354, 0.032
7.122, -0.211, 0.354, 0.032
7.139, -0.211, 0.353, 0.032
7.155, -0.211, 0.354, 0.032
7.172, -0.211, 0.353, 0.032
7.189, -0.211, 0.353, 0.032
7.205, -0.211, 0.354, 0.032
7.222, -0.211, 0.354, 0.032
7.239, -0.211, 0.354, 0.032
7.255, -0.211, 0.354, 0.032
7.272, -0.211, 0.354, 0.032
7.289, -0.211, 0.354, 0.032
7.305, -0.211, 0.354, 0.032
7.322, -0.211, 0.354, 0.032
7.339, -0.211, 0.353, 0.032
7.355, -0.211, 0.354, 0.032
7.372, -0.211, 0.353, 0.032
7.389, -0.211, 0.354, 0.032
7.405, -0.211, 0.353, 0.032
7.422, -0.211, 0.353, 0.032
7.439, -0.211, 0.354, 0.032
7.455, -0.211, 0.354, 0.032
7.472, -0.211, 0.354, 0.032
7.489, -0.211, 0.354, 0.032
7.505, -0.211, 0.353, 0.032
7.522, -0.211, 0.354, 0.032
7.539, -0.211, 0.354, 0.032
7.555, -0.211, 0.354, 0.032
7.572, -0.211, 0.354, 0.032
7.589, -0.211, 0.354, 0.032
7.606, -0.211, 0.354, 0.032
7.622, -0.211, 0.354, 0.032
7.639, -0.211, 0.354, 0.032
7.655, -0.211, 0.354, 0.032
7.672, -0.211, 0.353, 0.032
7.689, -0.211, 0.354, 0.032
7.709, -0.211, 0.354, 0.032
7.722, -0.211, 0.354, 0.032
7.739, -0.211, 0.354, 0.032
7.756, -0.211, 0.354, 0.032
7.772, -0.211, 0.354, 0.032
7.789, -0.211, 0.354, 0.032
7.806, -0.211, 0.354, 0.032
7.822, -0.211, 0.354, 0.032
7.839, -0.211, 0.354, 0.032
7.855, -0.211, 0.354, 0.032
7.872, -0.211, 0.354, 0.032
7.889, -0.211, 0.354, 0.032
7.905, -0.211, 0.354, 0.032
7.922, -0.211, 0.354, 0.032
7.939, -0.211, 0.354, 0.032
7.955, -0.211, 0.354, 0.032
7.972, -0.211, 0.354, 0.032
7.989, -0.211, 0.353, 0.032
8.005, -0.211, 0.354, 0.032
8.022, -0.211, 0.353, 0.032
8.040, -0.211, 0.354, 0.032
8.055, -0.211, 0.353, 0.032
8.072, -0.211, 0.354, 0.032
8.089, -0.211, 0.353, 0.032
8.105, -0.211, 0.354, 0.032
8.122, -0.211, 0.354, 0.032
8.139, -0.211, 0.354, 0.032
8.156, -0.211, 0.354, 0.032
8.172, -0.211, 0.354, 0.032
8.190, -0.211, 0.353, 0.032
8.205, -0.211, 0.353, 0.032
8.222, -0.211, 0.353, 0.032
8.239, -0.211, 0.354, 0.032
8.255, -0.211, 0.353, 0.032
8.272, -0.211, 0.354, 0.032
8.289, -0.211, 0.354, 0.032
8.305, -0.211, 0.354, 0.032
8.322, -0.211, 0.354, 0.032
8.339, -0.211, 0.354, 0.032
8.355, -0.211, 0.353, 0.032
8.372, -0.211, 0.353, 0.032
8.389, -0.211, 0.354, 0.032
8.405, -0.211, 0.354, 0.032
8.422, -0.211, 0.354, 0.032
8.439, -0.211, 0.354, 0.032
8.455, -0.211, 0.354, 0.032
8.472, -0.211, 0.354, 0.032
8.489, -0.211, 0.353, 0.032
8.505, -0.211, 0.354, 0.032
8.522, -0.211, 0.353, 0.032
8.539, -0.211, 0.353, 0.032
8.555, -0.211, 0.353, 0.032
8.572, -0.211, 0.354, 0.032
8.589, -0.211, 0.354, 0.032
8.605, -0.211, 0.354, 0.032
8.622, -0.211, 0.354, 0.032
8.639, -0.211, 0.354, 0.032
8.655, -0.211, 0.354, 0.032
8.673, -0.211, 0.354, 0.032
8.689, -0.211, 0.354, 0.032
8.706, -0.211, 0.354, 0.032
8.723, -0.211, 0.354, 0.032
8.739, -0.211, 0.354, 0.032
8.756, -0.211, 0.354, 0.032
8.772, -0.211, 0.354, 0.032
8.789, -0.211, 0.354, 0.032
8.806, -0.211, 0.354, 0.032
8.825, -0.211, 0.354, 0.032
8.839, -0.211, 0.354, 0.032
8.859, -0.211, 0.354, 0.032
8.872, -0.211, 0.354, 0.032
8.890, -0.211, 0.353, 0.032
8.906, -0.211, 0.354, 0.032
8.925, -0.211, 0.354, 0.032
8.939, -0.211, 0.353, 0.032
8.955, -0.211, 0.354, 0.032
8.972, -0.211, 0.354, 0.032
8.990, -0.211, 0.354, 0.032
9.005, -0.211, 0.354, 0.032
9.022, -0.211, 0.354, 0.032
9.039, -0.211, 0.354, 0.032
9.055, -0.211, 0.354, 0.032
9.072, -0.211, 0.354, 0.032
9.089, -0.211, 0.354, 0.032
9.106, -0.211, 0.354, 0.032
9.122, -0.211, 0.354, 0.032
9.143, -0.211, 0.354, 0.032
9.155, -0.211, 0.354, 0.032
9.172, -0.211, 0.354, 0.032
9.189, -0.211, 0.354, 0.032
9.205, -0.211, 0.354, 0.032
9.222, -0.211, 0.354, 0.032
9.239, -0.211, 0.354, 0.032
9.255, -0.211, 0.354, 0.033
9.272, -0.211, 0.354, 0.033
9.289, -0.211, 0.354, 0.032
9.306, -0.211, 0.354, 0.033
9.322, -0.211, 0.354, 0.033
9.339, -0.211, 0.354, 0.033
9.355, -0.211, 0.354, 0.033
9.372, -0.211, 0.354, 0.033
9.389, -0.211, 0.354, 0.033
9.406, -0.211, 0.354, 0.032
9.422, -0.211, 0.354, 0.033
9.439, -0.211, 0.354, 0.033
9.456, -0.211, 0.353, 0.032
9.472, -0.211, 0.354, 0.033
9.489, -0.211, 0.354, 0.033
9.506, -0.211, 0.354, 0.033
9.522, -0.211, 0.354, 0.033
9.539, -0.211, 0.354, 0.033
9.555, -0.211, 0.354, 0.033
9.572, -0.211, 0.354, 0.033
9.589, -0.211, 0.354, 0.033
9.606, -0.211, 0.354, 0.032
9.622, -0.211, 0.354, 0.033
9.639, -0.211, 0.354, 0.033
9.655, -0.211, 0.354, 0.033
9.672, -0.211, 0.354, 0.033
9.689, -0.211, 0.354, 0.033
9.705, -0.211, 0.354, 0.033
9.722, -0.211, 0.354, 0.033
9.739, -0.211, 0.354, 0.033
9.755, -0.211, 0.354, 0.033
9.772, -0.210, 0.354, 0.033
9.789, -0.210, 0.354, 0.033
9.805, -0.211, 0.354, 0.033
9.822, -0.211, 0.354, 0.033
9.839, -0.211, 0.354, 0.033
9.855, -0.211, 0.354, 0.033
9.872, -0.211, 0.354, 0.033
9.889, -0.211, 0.354, 0.033
9.905, -0.210, 0.354, 0.033
9.923, -0.210, 0.354, 0.033
9.939, -0.210, 0.354, 0.033
9.956, -0.210, 0.353, 0.033
9.972, -0.210, 0.353, 0.033
9.989, -0.210, 0.353, 0.033
10.006, -0.210, 0.353, 0.033
10.022, -0.210, 0.354, 0.033
10.039, -0.210, 0.354, 0.033
10.056, -0.210, 0.354, 0.033
10.072, -0.210, 0.354, 0.033
10.089, -0.210, 0.354, 0.033
10.106, -0.210, 0.354, 0.033
10.122, -0.211, 0.354, 0.033
10.139, -0.211, 0.353, 0.033
10.156, -0.211, 0.353, 0.032
10.172, -0.211, 0.353, 0.033
10.189, -0.210, 0.353, 0.033
10.206, -0.210, 0.353, 0.033
10.222, -0.210, 0.353, 0.033
10.239, -0.210, 0.353, 0.033
10.256, -0.210, 0.353, 0.033
10.272, -0.210, 0.353, 0.033
10.289, -0.210, 0.353, 0.033
10.305, -0.211, 0.353, 0.033
10.322, -0.211, 0.353, 0.033
10.339, -0.211, 0.353, 0.033
10.356, -0.211, 0.353, 0.033
10.372, -0.211, 0.352, 0.033
10.389, -0.211, 0.352, 0.033
10.405, -0.211, 0.352, 0.033
10.422, -0.211, 0.352, 0.033
10.439, -0.211, 0.352, 0.033
10.456, -0.210, 0.352, 0.034
10.472, -0.210, 0.352, 0.034
10.489, -0.211, 0.352, 0.033
10.505, -0.211, 0.352, 0.034
10.522, -0.212, 0.352, 0.033
10.539, -0.211, 0.352, 0.033
10.556, -0.211, 0.352, 0.034
10.572, -0.211, 0.352, 0.034
10.589, -0.212, 0.352, 0.033
10.606, -0.211, 0.352, 0.034
10.624, -0.211, 0.352, 0.034
10.639, -0.211, 0.352, 0.033
10.655, -0.211, 0.352, 0.034
10.672, -0.210, 0.351, 0.034
10.689, -0.211, 0.352, 0.033
10.707, -0.210, 0.351, 0.034
10.724, -0.212, 0.352, 0.034
10.739, -0.211, 0.352, 0.033
10.755, -0.212, 0.352, 0.033
10.772, -0.212, 0.352, 0.034
10.789, -0.212, 0.352, 0.034
10.806, -0.212, 0.352, 0.033
10.825, -0.212, 0.352, 0.033
10.839, -0.212, 0.351, 0.033
10.855, -0.211, 0.351, 0.033
10.872, -0.211, 0.352, 0.034
10.889, -0.211, 0.352, 0.034
10.905, -0.211, 0.352, 0.034
10.922, -0.211, 0.351, 0.034
10.939, -0.211, 0.351, 0.034
10.955, -0.211, 0.351, 0.034
10.972, -0.212, 0.352, 0.034
10.989, -0.211, 0.351, 0.034
11.006, -0.211, 0.351, 0.033
11.022, -0.211, 0.351, 0.033
11.039, -0.211, 0.351, 0.033
11.055, -0.212, 0.351, 0.033
11.072, -0.212, 0.351, 0.034
11.089, -0.212, 0.351, 0.034
11.106, -0.212, 0.351, 0.034
11.122, -0.212, 0.351, 0.033
11.140, -0.213, 0.351, 0.034
11.156, -0.213, 0.350, 0.034
11.172, -0.213, 0.350, 0.034
11.189, -0.213, 0.350, 0.034
11.206, -0.214, 0.350, 0.035
11.222, -0.214, 0.349, 0.035
11.239, -0.214, 0.349, 0.036
11.255, -0.214, 0.348, 0.036
11.272, -0.215, 0.347, 0.036
11.289, -0.215, 0.347, 0.036
11.306, -0.216, 0.346, 0.037
11.322, -0.216, 0.345, 0.038
11.339, -0.217, 0.345, 0.039
11.355, -0.218, 0.344, 0.040
11.372, -0.219, 0.343, 0.042
11.389, -0.219, 0.343, 0.042
11.406, -0.220, 0.342, 0.045
11.422, -0.221, 0.341, 0.047
11.439, -0.222, 0.340, 0.048
11.455, -0.223, 0.339, 0.051
11.472, -0.224, 0.338, 0.053
11.489, -0.225, 0.338, 0.054
11.506, -0.226, 0.337, 0.058
11.522, -0.227, 0.336, 0.060
11.539, -0.227, 0.335, 0.062
11.556, -0.229, 0.334, 0.065
11.572, -0.230, 0.333, 0.069
11.589, -0.230, 0.332, 0.070
11.606, -0.232, 0.331, 0.075
11.622, -0.233, 0.330, 0.078
11.639, -0.233, 0.330, 0.080
11.655, -0.235, 0.328, 0.086
11.672, -0.236, 0.327, 0.090
11.689, -0.236, 0.327, 0.092
11.705, -0.237, 0.326, 0.098
11.722, -0.238, 0.325, 0.102
11.739, -0.239, 0.324, 0.105
11.756, -0.240, 0.323, 0.111
11.772, -0.241, 0.322, 0.116
11.789, -0.242, 0.322, 0.118
11.806, -0.244, 0.321, 0.126
11.823, -0.245, 0.321, 0.131
11.839, -0.245, 0.320, 0.133
11.856, -0.248, 0.320, 0.141
11.872, -0.249, 0.320, 0.146
11.889, -0.250, 0.320, 0.148
11.906, -0.253, 0.320, 0.156
11.922, -0.255, 0.321, 0.161
11.939, -0.256, 0.321, 0.163
11.956, -0.259, 0.321, 0.171
11.972, -0.261, 0.322, 0.175
11.989, -0.263, 0.322, 0.178
12.006, -0.267, 0.324, 0.185
12.022, -0.270, 0.324, 0.190
12.039, -0.271, 0.325, 0.192
12.056, -0.276, 0.326, 0.199
12.072, -0.279, 0.328, 0.204
12.089, -0.281, 0.328, 0.206
12.106, -0.286, 0.330, 0.213
12.122, -0.290, 0.332, 0.218
12.139, -0.292, 0.333, 0.220
12.156, -0.298, 0.335, 0.227
12.172, -0.302, 0.337, 0.231
12.189, -0.304, 0.338, 0.233
12.206, -0.311, 0.341, 0.240
12.222, -0.315, 0.342, 0.244
12.239, -0.319, 0.344, 0.248
12.256, -0.324, 0.346, 0.253
12.272, -0.328, 0.348, 0.257
12.289, -0.330, 0.349, 0.259
12.306, -0.337, 0.352, 0.265
12.323, -0.341, 0.354, 0.269
12.339, -0.344, 0.355, 0.271
12.356, -0.350, 0.358, 0.277
12.372, -0.355, 0.359, 0.280
12.389, -0.357, 0.360, 0.282
12.406, -0.364, 0.363, 0.288
12.423, -0.368, 0.365, 0.291
12.439, -0.370, 0.365, 0.293
12.456, -0.376, 0.368, 0.298
12.473, -0.380, 0.370, 0.301
12.489, -0.382, 0.371, 0.303
12.506, -0.388, 0.373, 0.307
12.523, -0.391, 0.375, 0.310
12.539, -0.393, 0.375, 0.312
12.556, -0.398, 0.378, 0.316
12.572, -0.402, 0.379, 0.319
12.589, -0.403, 0.380, 0.321
12.606, -0.408, 0.382, 0.324
12.623, -0.411, 0.383, 0.328
12.639, -0.412, 0.384, 0.329
12.656, -0.416, 0.386, 0.333
12.672, -0.419, 0.387, 0.336
12.689, -0.420, 0.388, 0.337
12.706, -0.424, 0.389, 0.341
12.723, -0.426, 0.390, 0.344
12.739, -0.427, 0.391, 0.345
12.756, -0.430, 0.392, 0.349
12.772, -0.432, 0.393, 0.352
12.789, -0.432, 0.393, 0.353
12.806, -0.435, 0.394, 0.357
12.823, -0.436, 0.395, 0.360
12.839, -0.437, 0.395, 0.363
12.856, -0.438, 0.396, 0.366
12.872, -0.439, 0.396, 0.368
12.889, -0.440, 0.396, 0.369
12.906, -0.441, 0.397, 0.374
12.923, -0.442, 0.397, 0.376
12.939, -0.442, 0.397, 0.379
12.956, -0.443, 0.397, 0.382
12.972, -0.444, 0.397, 0.384
12.989, -0.444, 0.397, 0.386
13.006, -0.444, 0.397, 0.389
13.023, -0.445, 0.398, 0.392
13.039, -0.445, 0.398, 0.393
13.056, -0.445, 0.397, 0.397
13.072, -0.445, 0.397, 0.399
13.089, -0.446, 0.397, 0.400
13.106, -0.446, 0.397, 0.403
13.122, -0.446, 0.396, 0.405
13.139, -0.446, 0.396, 0.407
13.156, -0.447, 0.396, 0.409
13.172, -0.447, 0.396, 0.411
13.189, -0.447, 0.396, 0.412
13.206, -0.448, 0.395, 0.415
13.223, -0.448, 0.395, 0.416
13.239, -0.448, 0.394, 0.417
13.256, -0.449, 0.394, 0.420
13.272, -0.449, 0.394, 0.421
13.289, -0.449, 0.393, 0.422
13.306, -0.450, 0.393, 0.424
13.323, -0.451, 0.392, 0.426
13.339, -0.451, 0.392, 0.427
13.356, -0.452, 0.392, 0.429
13.373, -0.453, 0.391, 0.430
13.389, -0.453, 0.391, 0.431
13.406, -0.454, 0.391, 0.433
13.423, -0.455, 0.391, 0.434
13.439, -0.456, 0.391, 0.435
13.456, -0.456, 0.390, 0.436
13.473, -0.457, 0.390, 0.438
13.489, -0.458, 0.390, 0.438
13.506, -0.459, 0.391, 0.440
13.523, -0.460, 0.391, 0.441
13.539, -0.461, 0.391, 0.442
13.556, -0.462, 0.391, 0.443
13.573, -0.463, 0.391, 0.444
13.590, -0.463, 0.391, 0.444
13.606, -0.465, 0.391, 0.445
13.622, -0.465, 0.392, 0.446
13.639, -0.466, 0.392, 0.446
13.656, -0.467, 0.392, 0.447
13.672, -0.468, 0.393, 0.448
13.689, -0.469, 0.393, 0.449
13.706, -0.470, 0.394, 0.450
13.723, -0.471, 0.394, 0.450
13.739, -0.472, 0.394, 0.451
13.756, -0.473, 0.395, 0.452
13.773, -0.474, 0.396, 0.452
13.789, -0.474, 0.396, 0.453
13.806, -0.475, 0.397, 0.454
13.823, -0.476, 0.397, 0.455
13.839, -0.476, 0.398, 0.455
13.856, -0.477, 0.398, 0.456
13.872, -0.477, 0.399, 0.457
13.889, -0.478, 0.399, 0.457
13.906, -0.478, 0.400, 0.459
13.923, -0.479, 0.400, 0.459
13.940, -0.479, 0.400, 0.460
13.956, -0.479, 0.401, 0.461
13.973, -0.479, 0.401, 0.462
13.991, -0.480, 0.401, 0.463
14.006, -0.480, 0.401, 0.464
14.022, -0.480, 0.401, 0.464
14.039, -0.480, 0.402, 0.465
14.056, -0.480, 0.402, 0.466
14.072, -0.480, 0.402, 0.467
14.089, -0.480, 0.402, 0.467
14.106, -0.480, 0.402, 0.468
14.123, -0.480, 0.402, 0.469
14.139, -0.480, 0.402, 0.470
14.156, -0.480, 0.402, 0.470
14.173, -0.480, 0.402, 0.471
14.189, -0.480, 0.402, 0.471
14.206, -0.480, 0.401, 0.472
14.222, -0.480, 0.401, 0.473
14.239, -0.480, 0.401, 0.473
14.256, -0.480, 0.401, 0.473
14.272, -0.480, 0.400, 0.473
14.289, -0.480, 0.400, 0.474
14.306, -0.480, 0.400, 0.474
14.323, -0.481, 0.400, 0.474
14.339, -0.481, 0.400, 0.474
14.356, -0.481, 0.399, 0.474
14.372, -0.481, 0.399, 0.475
14.389, -0.481, 0.399, 0.475
14.406, -0.481, 0.399, 0.475
14.422, -0.481, 0.399, 0.475
14.439, -0.481, 0.399, 0.475
14.456, -0.481, 0.399, 0.475
14.472, -0.482, 0.399, 0.475
14.489, -0.482, 0.399, 0.475
14.506, -0.482, 0.399, 0.475
14.523, -0.482, 0.399, 0.475
14.539, -0.482, 0.399, 0.475
14.556, -0.482, 0.399, 0.475
14.572, -0.482, 0.399, 0.475
14.589, -0.483, 0.399, 0.475
14.606, -0.483, 0.400, 0.474
14.623, -0.483, 0.400, 0.474
14.639, -0.483, 0.400, 0.474
14.656, -0.483, 0.400, 0.474
14.672, -0.484, 0.400, 0.474
14.689, -0.484, 0.401, 0.474
14.706, -0.484, 0.401, 0.473
14.722, -0.485, 0.401, 0.473
14.739, -0.485, 0.402, 0.473
14.756, -0.485, 0.402, 0.473
14.772, -0.486, 0.403, 0.472
14.789, -0.486, 0.403, 0.472
14.806, -0.486, 0.404, 0.472
14.822, -0.487, 0.404, 0.472
14.839, -0.487, 0.404, 0.472
14.856, -0.487, 0.405, 0.471
14.872, -0.488, 0.405, 0.471
14.889, -0.488, 0.406, 0.471
14.906, -0.489, 0.406, 0.470
14.922, -0.489, 0.407, 0.470
14.939, -0.490, 0.407, 0.470
14.956, -0.490, 0.408, 0.469
14.972, -0.491, 0.408, 0.469
14.989, -0.491, 0.409, 0.469
15.006, -0.492, 0.410, 0.468
15.022, -0.492, 0.410, 0.468
15.039, -0.493, 0.411, 0.468
15.056, -0.493, 0.411, 0.467
15.072, -0.494, 0.411, 0.467
15.089, -0.494, 0.412, 0.467
15.106, -0.495, 0.412, 0.466
15.123, -0.495, 0.413, 0.466
15.141, -0.495, 0.413, 0.466
15.156, -0.496, 0.414, 0.466
15.172, -0.496, 0.414, 0.465
15.189, -0.497, 0.414, 0.465
15.206, -0.497, 0.414, 0.465
15.222, -0.498, 0.415, 0.464
15.239, -0.498, 0.415, 0.464
15.256, -0.498, 0.415, 0.464
15.272, -0.498, 0.415, 0.464
15.289, -0.499, 0.415, 0.464
15.306, -0.499, 0.415, 0.463
15.322, -0.499, 0.415, 0.463
15.339, -0.499, 0.415, 0.463
15.356, -0.499, 0.415, 0.463
15.372, -0.500, 0.415, 0.462
15.390, -0.500, 0.415, 0.462
15.406, -0.500, 0.415, 0.462
15.423, -0.500, 0.414, 0.462
15.439, -0.500, 0.414, 0.462
15.456, -0.500, 0.414, 0.462
15.472, -0.500, 0.414, 0.461
15.489, -0.500, 0.414, 0.461
15.506, -0.499, 0.413, 0.461
15.522, -0.499, 0.413, 0.460
15.539, -0.499, 0.412, 0.460
15.556, -0.499, 0.412, 0.460
15.572, -0.499, 0.411, 0.460
15.590, -0.499, 0.411, 0.460
15.606, -0.498, 0.410, 0.460
15.622, -0.498, 0.410, 0.459
15.639, -0.498, 0.410, 0.459
15.656, -0.497, 0.409, 0.459
15.672, -0.497, 0.409, 0.459
15.689, -0.497, 0.408, 0.459
15.706, -0.497, 0.408, 0.458
15.722, -0.497, 0.407, 0.458
15.739, -0.496, 0.407, 0.458
15.756, -0.496, 0.406, 0.458
15.772, -0.496, 0.406, 0.458
15.789, -0.496, 0.405, 0.458
15.806, -0.496, 0.405, 0.458
15.822, -0.495, 0.404, 0.458
15.839, -0.495, 0.404, 0.457
15.856, -0.495, 0.403, 0.457
15.872, -0.495, 0.403, 0.457
15.889, -0.495, 0.403, 0.457
15.906, -0.495, 0.402, 0.457
15.922, -0.495, 0.401, 0.457
15.939, -0.495, 0.401, 0.457
15.956, -0.495, 0.401, 0.457
15.972, -0.495, 0.400, 0.457
15.990, -0.495, 0.400, 0.457
16.006, -0.495, 0.400, 0.456
16.022, -0.496, 0.399, 0.456
16.039, -0.496, 0.399, 0.456
16.056, -0.496, 0.399, 0.456
16.072, -0.496, 0.398, 0.455
16.089, -0.496, 0.398, 0.455
16.106, -0.497, 0.398, 0.455
16.122, -0.497, 0.398, 0.455
16.139, -0.497, 0.397, 0.455
16.156, -0.498, 0.397, 0.454
16.172, -0.498, 0.397, 0.454
16.189, -0.498, 0.397, 0.454
16.206, -0.498, 0.397, 0.454
16.222, -0.499, 0.397, 0.454
16.239, -0.499, 0.397, 0.454
16.256, -0.499, 0.397, 0.453
16.272, -0.499, 0.397, 0.453
16.289, -0.500, 0.397, 0.453
16.306, -0.500, 0.396, 0.453
16.322, -0.500, 0.396, 0.453
16.339, -0.500, 0.396, 0.453
16.356, -0.501, 0.396, 0.453
16.372, -0.501, 0.396, 0.452
16.389, -0.501, 0.396, 0.452
16.406, -0.501, 0.396, 0.452
16.422, -0.501, 0.396, 0.452
16.439, -0.501, 0.396, 0.452
16.456, -0.501, 0.396, 0.452
16.472, -0.501, 0.396, 0.452
16.489, -0.501, 0.396, 0.451
16.506, -0.501, 0.396, 0.451
16.522, -0.500, 0.396, 0.451
16.539, -0.500, 0.396, 0.451
16.556, -0.500, 0.396, 0.451
16.572, -0.500, 0.396, 0.451
16.589, -0.500, 0.396, 0.451
16.606, -0.499, 0.396, 0.450
16.622, -0.499, 0.396, 0.450
16.639, -0.499, 0.396, 0.450
16.656, -0.499, 0.396, 0.450
16.672, -0.498, 0.396, 0.450
16.689, -0.498, 0.396, 0.450
16.706, -0.498, 0.396, 0.450
16.722, -0.498, 0.396, 0.450
16.739, -0.498, 0.396, 0.450
16.756, -0.497, 0.396, 0.450
16.772, -0.497, 0.396, 0.450
16.789, -0.497, 0.396, 0.450
16.806, -0.497, 0.397, 0.450
16.822, -0.497, 0.397, 0.450
16.839, -0.497, 0.397, 0.450
16.856, -0.496, 0.398, 0.449
16.873, -0.496, 0.398, 0.449
16.889, -0.496, 0.398, 0.449
16.906, -0.496, 0.399, 0.449
16.922, -0.496, 0.400, 0.450
16.939, -0.496, 0.400, 0.450
16.956, -0.496, 0.401, 0.450
16.972, -0.495, 0.402, 0.450
16.989, -0.495, 0.402, 0.450
17.005, -0.495, 0.403, 0.450
17.022, -0.495, 0.404, 0.450
17.039, -0.495, 0.405, 0.451
17.056, -0.494, 0.406, 0.451
17.072, -0.494, 0.407, 0.451
17.089, -0.494, 0.408, 0.451
17.106, -0.494, 0.409, 0.451
17.122, -0.494, 0.410, 0.451
17.139, -0.493, 0.411, 0.451
17.156, -0.493, 0.412, 0.451
17.173, -0.493, 0.413, 0.451
17.189, -0.493, 0.414, 0.451
17.206, -0.492, 0.415, 0.450
17.222, -0.492, 0.416, 0.450
17.239, -0.492, 0.416, 0.450
17.256, -0.492, 0.417, 0.449
17.272, -0.491, 0.418, 0.449
17.289, -0.491, 0.418, 0.449
17.306, -0.491, 0.419, 0.448
17.322, -0.490, 0.420, 0.447
17.339, -0.490, 0.421, 0.447
17.356, -0.489, 0.422, 0.446
17.372, -0.488, 0.422, 0.446
17.389, -0.488, 0.422, 0.445
17.406, -0.487, 0.423, 0.444
17.422, -0.486, 0.423, 0.443
17.439, -0.485, 0.423, 0.443
17.456, -0.483, 0.423, 0.442
17.472, -0.482, 0.423, 0.442
17.489, -0.481, 0.423, 0.441
17.506, -0.479, 0.423, 0.441
17.523, -0.477, 0.422, 0.440
17.539, -0.476, 0.422, 0.440
17.556, -0.473, 0.421, 0.440
17.572, -0.471, 0.420, 0.440
17.589, -0.470, 0.419, 0.440
17.606, -0.466, 0.418, 0.440
17.622, -0.463, 0.417, 0.440
17.639, -0.462, 0.416, 0.440
17.656, -0.458, 0.414, 0.440
17.672, -0.455, 0.412, 0.441
17.689, -0.453, 0.411, 0.441
17.706, -0.448, 0.409, 0.442
17.722, -0.445, 0.406, 0.442
17.739, -0.443, 0.406, 0.442
17.756, -0.438, 0.402, 0.443
17.772, -0.434, 0.400, 0.443
17.789, -0.432, 0.399, 0.443
17.806, -0.427, 0.395, 0.444
17.822, -0.423, 0.392, 0.444
17.839, -0.419, 0.389, 0.445
17.856, -0.415, 0.386, 0.445
17.872, -0.411, 0.383, 0.445
17.889, -0.409, 0.381, 0.445
17.906, -0.403, 0.376, 0.446
17.922, -0.398, 0.373, 0.446
17.939, -0.396, 0.371, 0.446
17.956, -0.390, 0.366, 0.447
17.972, -0.386, 0.362, 0.448
17.989, -0.384, 0.360, 0.448
18.006, -0.378, 0.354, 0.449
18.022, -0.374, 0.350, 0.450
18.039, -0.372, 0.348, 0.450
18.056, -0.366, 0.342, 0.451
18.072, -0.362, 0.338, 0.452
18.089, -0.360, 0.336, 0.453
18.106, -0.354, 0.330, 0.454
18.122, -0.351, 0.326, 0.455
18.139, -0.347, 0.322, 0.456
18.156, -0.343, 0.318, 0.457
18.172, -0.339, 0.314, 0.458
18.189, -0.336, 0.310, 0.458
18.206, -0.332, 0.306, 0.459
18.225, -0.328, 0.302, 0.460
18.239, -0.325, 0.298, 0.461
18.256, -0.321, 0.294, 0.461
18.272, -0.318, 0.290, 0.462
18.289, -0.316, 0.288, 0.462
18.306, -0.311, 0.282, 0.463
18.322, -0.307, 0.278, 0.464
18.339, -0.304, 0.274, 0.464
18.356, -0.301, 0.270, 0.464
18.372, -0.297, 0.265, 0.465
18.389, -0.296, 0.263, 0.465
18.406, -0.291, 0.257, 0.465
18.422, -0.288, 0.253, 0.465
18.439, -0.286, 0.251, 0.465
18.456, -0.281, 0.245, 0.466
18.472, -0.278, 0.241, 0.466
18.489, -0.277, 0.239, 0.466
18.506, -0.272, 0.233, 0.467
18.522, -0.269, 0.230, 0.467
18.539, -0.267, 0.226, 0.467
18.556, -0.264, 0.222, 0.468
18.572, -0.261, 0.218, 0.468
18.589, -0.259, 0.217, 0.468
18.606, -0.255, 0.211, 0.469
18.622, -0.252, 0.208, 0.469
18.639, -0.251, 0.206, 0.469
18.656, -0.247, 0.201, 0.470
18.672, -0.244, 0.198, 0.470
18.689, -0.242, 0.197, 0.470
18.706, -0.238, 0.192, 0.470
18.722, -0.235, 0.189, 0.470
18.739, -0.232, 0.187, 0.470
18.756, -0.229, 0.184, 0.470
18.772, -0.226, 0.181, 0.469
18.789, -0.225, 0.180, 0.469
18.807, -0.220, 0.177, 0.468
18.822, -0.217, 0.175, 0.468
18.839, -0.215, 0.174, 0.468
18.856, -0.211, 0.171, 0.466
18.873, -0.207, 0.169, 0.465
18.889, -0.206, 0.168, 0.465
18.906, -0.201, 0.165, 0.463
18.922, -0.198, 0.164, 0.462
18.939, -0.195, 0.162, 0.460
18.955, -0.191, 0.161, 0.459
18.973, -0.188, 0.160, 0.457
18.989, -0.186, 0.159, 0.457
19.006, -0.181, 0.157, 0.454
19.022, -0.178, 0.156, 0.452
19.039, -0.174, 0.155, 0.451
19.055, -0.171, 0.154, 0.449
19.072, -0.167, 0.154, 0.447
19.089, -0.166, 0.153, 0.446
19.105, -0.160, 0.152, 0.443
19.122, -0.157, 0.151, 0.441
19.139, -0.153, 0.150, 0.439
19.155, -0.150, 0.150, 0.437
19.172, -0.146, 0.149, 0.435
19.189, -0.144, 0.148, 0.434
19.205, -0.138, 0.147, 0.431
19.222, -0.134, 0.146, 0.429
19.239, -0.132, 0.146, 0.428
19.255, -0.126, 0.144, 0.425
19.272, -0.123, 0.143, 0.423
19.291, -0.120, 0.142, 0.422
19.306, -0.115, 0.141, 0.419
19.323, -0.110, 0.139, 0.418
19.339, -0.106, 0.138, 0.416
19.356, -0.102, 0.137, 0.415
19.372, -0.098, 0.135, 0.413
19.389, -0.096, 0.134, 0.413
19.406, -0.090, 0.132, 0.411
19.423, -0.086, 0.130, 0.410
19.439, -0.082, 0.129, 0.409
19.456, -0.077, 0.127, 0.409
19.472, -0.074, 0.126, 0.408
19.489, -0.072, 0.125, 0.408
19.506, -0.066, 0.122, 0.408
19.522, -0.062, 0.120, 0.408
19.539, -0.060, 0.120, 0.408
19.556, -0.054, 0.117, 0.408
19.572, -0.050, 0.115, 0.409
19.589, -0.048, 0.114, 0.409
19.606, -0.042, 0.111, 0.409
19.623, -0.038, 0.109, 0.410
19.639, -0.035, 0.107, 0.410
19.656, -0.031, 0.104, 0.411
19.672, -0.027, 0.102, 0.412
19.689, -0.025, 0.100, 0.413
19.706, -0.020, 0.096, 0.414
19.722, -0.017, 0.094, 0.415
19.739, -0.013, 0.091, 0.415
19.756, -0.010, 0.087, 0.417
19.773, -0.007, 0.084, 0.418
19.789, -0.005, 0.083, 0.418
19.806, 0.000, 0.077, 0.420
19.823, 0.003, 0.074, 0.421
19.839, 0.006, 0.070, 0.423
19.856, 0.009, 0.066, 0.424
19.872, 0.010, 0.064, 0.424
19.889, 0.013, 0.060, 0.426
19.906, 0.017, 0.054, 0.427
19.922, 0.020, 0.049, 0.428
19.939, 0.022, 0.047, 0.429
19.956, 0.026, 0.040, 0.430
19.972, 0.028, 0.036, 0.431
19.995, 0.030, 0.033, 0.431
20.006, 0.033, 0.026, 0.432
20.022, 0.036, 0.020, 0.433
20.039, 0.038, 0.015, 0.433
20.055, 0.040, 0.010, 0.433
20.072, 0.042, 0.004, 0.434
20.089, 0.043, 0.002, 0.434
20.106, 0.046, -0.007, 0.434
20.122, 0.048, -0.012, 0.434
20.139, 0.049, -0.015, 0.434
20.156, 0.051, -0.024, 0.434
20.172, 0.053, -0.029, 0.434
20.189, 0.053, -0.032, 0.433
20.206, 0.055, -0.040, 0.433
20.222, 0.056, -0.045, 0.433
20.239, 0.056, -0.048, 0.433
20.256, 0.058, -0.055, 0.432
20.272, 0.058, -0.060, 0.432
20.289, 0.059, -0.062, 0.432
20.306, 0.059, -0.068, 0.431
20.322, 0.060, -0.072, 0.431
20.339, 0.060, -0.073, 0.430
20.356, 0.060, -0.078, 0.429
20.372, 0.060, -0.081, 0.428
20.389, 0.060, -0.083, 0.428
20.406, 0.060, -0.086, 0.426
20.422, 0.060, -0.088, 0.425
20.439, 0.060, -0.089, 0.424
20.455, 0.059, -0.092, 0.422
20.472, 0.059, -0.093, 0.420
20.489, 0.059, -0.093, 0.420
20.506, 0.059, -0.095, 0.417
20.522, 0.058, -0.095, 0.415
20.539, 0.058, -0.095, 0.413
20.555, 0.058, -0.095, 0.410
20.572, 0.058, -0.095, 0.408
20.589, 0.058, -0.095, 0.407
20.606, 0.057, -0.094, 0.403
20.622, 0.057, -0.093, 0.401
20.639, 0.057, -0.093, 0.399
20.655, 0.057, -0.091, 0.395
20.672, 0.057, -0.090, 0.392
20.689, 0.057, -0.090, 0.391
20.706, 0.057, -0.088, 0.386
20.722, 0.057, -0.086, 0.383
20.739, 0.057, -0.085, 0.381
20.755, 0.057, -0.083, 0.376
20.772, 0.057, -0.081, 0.372
20.789, 0.057, -0.080, 0.370
20.806, 0.057, -0.078, 0.365
20.822, 0.057, -0.076, 0.361
20.839, 0.057, -0.074, 0.358
20.858, 0.057, -0.073, 0.354
20.872, 0.058, -0.071, 0.351
20.889, 0.058, -0.071, 0.350
20.906, 0.058, -0.069, 0.345
20.927, 0.059, -0.067, 0.342
20.939, 0.059, -0.066, 0.339
20.956, 0.059, -0.065, 0.337
20.972, 0.060, -0.064, 0.334
20.989, 0.060, -0.064, 0.333
21.006, 0.061, -0.062, 0.329
21.022, 0.061, -0.062, 0.326
21.039, 0.061, -0.061, 0.325
21.056, 0.062, -0.060, 0.321
21.072, 0.063, -0.060, 0.319
21.089, 0.063, -0.059, 0.318
21.106, 0.064, -0.059, 0.314
21.122, 0.064, -0.058, 0.312
21.139, 0.065, -0.058, 0.309
21.156, 0.066, -0.058, 0.307
21.172, 0.066, -0.058, 0.304
21.189, 0.067, -0.058, 0.303
21.206, 0.068, -0.058, 0.300
21.222, 0.069, -0.058, 0.297
21.239, 0.069, -0.058, 0.296
21.256, 0.070, -0.059, 0.293
21.272, 0.071, -0.059, 0.290
21.289, 0.071, -0.060, 0.289
21.306, 0.072, -0.060, 0.286
21.322, 0.073, -0.061, 0.283
21.343, 0.074, -0.062, 0.281
21.355, 0.075, -0.063, 0.279
21.373, 0.075, -0.063, 0.277
21.389, 0.075, -0.064, 0.276
21.406, 0.076, -0.065, 0.273
21.422, 0.077, -0.066, 0.271
21.439, 0.077, -0.067, 0.269
21.456, 0.078, -0.068, 0.267
21.472, 0.078, -0.069, 0.264
21.489, 0.078, -0.070, 0.264
21.506, 0.079, -0.072, 0.260
21.522, 0.079, -0.073, 0.258
21.539, 0.079, -0.074, 0.256
21.556, 0.079, -0.075, 0.254
21.572, 0.079, -0.076, 0.252
21.589, 0.079, -0.076, 0.250
21.606, 0.080, -0.078, 0.247
21.622, 0.079, -0.078, 0.245
21.639, 0.079, -0.079, 0.243
21.656, 0.079, -0.080, 0.240
21.672, 0.079, -0.081, 0.237
21.689, 0.078, -0.081, 0.236
21.706, 0.078, -0.082, 0.232
21.722, 0.077, -0.083, 0.230
21.739, 0.077, -0.083, 0.227
21.756, 0.076, -0.084, 0.225
21.772, 0.075, -0.085, 0.222
21.789, 0.075, -0.085, 0.221
21.806, 0.073, -0.086, 0.217
21.822, 0.072, -0.087, 0.215
21.839, 0.072, -0.087, 0.214
21.855, 0.070, -0.087, 0.211
21.872, 0.069, -0.088, 0.208
21.889, 0.069, -0.088, 0.207
21.906, 0.067, -0.088, 0.204
21.922, 0.066, -0.088, 0.202
21.939, 0.064, -0.088, 0.200
21.955, 0.063, -0.088, 0.198
21.972, 0.062, -0.088, 0.196
21.989, 0.061, -0.088, 0.195
22.005, 0.059, -0.088, 0.192
22.022, 0.057, -0.088, 0.189
22.039, 0.056, -0.088, 0.188
22.055, 0.054, -0.087, 0.185
22.072, 0.052, -0.087, 0.182
22.089, 0.051, -0.086, 0.181
22.106, 0.048, -0.085, 0.178
22.122, 0.047, -0.085, 0.175
22.139, 0.046, -0.084, 0.174
22.155, 0.043, -0.083, 0.170
22.172, 0.041, -0.083, 0.168
22.189, 0.039, -0.082, 0.165
22.205, 0.036, -0.081, 0.163
22.222, 0.034, -0.080, 0.160
22.239, 0.033, -0.080, 0.158
22.255, 0.029, -0.078, 0.153
22.272, 0.027, -0.077, 0.150
22.289, 0.025, -0.076, 0.148
22.306, 0.021, -0.075, 0.142
22.322, 0.018, -0.074, 0.139
22.339, 0.017, -0.074, 0.137
22.355, 0.013, -0.072, 0.132
22.372, 0.010, -0.072, 0.128
22.390, 0.009, -0.071, 0.126
22.405, 0.004, -0.071, 0.121
22.422, 0.002, -0.071, 0.118
22.439, -0.001, -0.071, 0.114
22.455, -0.003, -0.072, 0.111
22.472, -0.005, -0.073, 0.106
22.489, -0.007, -0.073, 0.103
22.505, -0.010, -0.076, 0.093
22.522, -0.012, -0.077, 0.084
22.539, -0.014, -0.080, 0.073
22.556, -0.016, -0.082, 0.061
22.573, -0.018, -0.085, 0.047
22.589, -0.015, -0.079, 0.044
22.605, -0.012, -0.071, 0.041
22.622, -0.012, -0.068, 0.040
22.639, -0.012, -0.067, 0.042
22.655, -0.013, -0.067, 0.041
22.672, -0.012, -0.066, 0.040
22.689, -0.013, -0.065, 0.040
22.706, -0.014, -0.063, 0.036
22.722, -0.015, -0.065, 0.036
22.739, -0.014, -0.065, 0.037
22.756, -0.014, -0.066, 0.036
22.773, -0.015, -0.067, 0.035
22.789, -0.016, -0.067, 0.035
22.805, -0.017, -0.068, 0.035
22.822, -0.017, -0.067, 0.035
22.840, -0.017, -0.067, 0.035
22.855, -0.017, -0.066, 0.035
22.872, -0.017, -0.066, 0.035
22.889, -0.017, -0.066, 0.035
22.906, -0.017, -0.066, 0.035
22.922, -0.017, -0.066, 0.035
22.939, -0.017, -0.066, 0.035
22.955, -0.017, -0.066, 0.035
22.972, -0.017, -0.066, 0.035
22.989, -0.017, -0.066, 0.035
23.005, -0.017, -0.066, 0.035
23.022, -0.017, -0.066, 0.035
23.039, -0.017, -0.066, 0.035
23.055, -0.017, -0.066, 0.035
23.072, -0.017, -0.066, 0.035
23.089, -0.017, -0.066, 0.035
23.106, -0.017, -0.066, 0.035
23.122, -0.017, -0.066, 0.035
23.139, -0.017, -0.066, 0.035
23.156, -0.017, -0.066, 0.035
23.172, -0.017, -0.066, 0.035
23.189, -0.017, -0.066, 0.035
23.205, -0.017, -0.066, 0.035
23.222, -0.017, -0.066, 0.035
23.239, -0.017, -0.066, 0.035
23.256, -0.017, -0.066, 0.035
23.272, -0.017, -0.066, 0.035
23.289, -0.017, -0.066, 0.035
23.306, -0.017, -0.066, 0.035
23.322, -0.017, -0.066, 0.035
23.339, -0.017, -0.066, 0.035
23.356, -0.017, -0.066, 0.035
23.372, -0.017, -0.066, 0.035
23.389, -0.017, -0.066, 0.035
23.406, -0.017, -0.066, 0.035
23.422, -0.017, -0.066, 0.035
23.439, -0.017, -0.066, 0.035
23.456, -0.017, -0.066, 0.035
23.472, -0.017, -0.066, 0.035
23.489, -0.017, -0.066, 0.035
23.505, -0.017, -0.066, 0.035
23.522, -0.017, -0.066, 0.035
23.539, -0.017, -0.066, 0.035
23.556, -0.017, -0.066, 0.035
23.572, -0.017, -0.066, 0.035
23.589, -0.017, -0.066, 0.035
23.606, -0.017, -0.066, 0.035
23.622, -0.017, -0.066, 0.035
23.642, -0.017, -0.066, 0.035
23.656, -0.017, -0.066, 0.035
23.672, -0.017, -0.066, 0.035
23.689, -0.017, -0.066, 0.035
23.706, -0.017, -0.066, 0.035
23.722, -0.017, -0.066, 0.035
23.743, -0.017, -0.066, 0.035
23.755, -0.017, -0.066, 0.035
23.772, -0.017, -0.066, 0.035
23.789, -0.017, -0.066, 0.035
23.806, -0.017, -0.066, 0.035
23.822, -0.017, -0.066, 0.035
23.839, -0.017, -0.066, 0.035
23.855, -0.017, -0.066, 0.035
23.872, -0.017, -0.066, 0.035
23.889, -0.017, -0.066, 0.035
23.905, -0.017, -0.066, 0.035
23.922, -0.017, -0.066, 0.035
23.939, -0.017, -0.066, 0.035
23.956, -0.017, -0.066, 0.035
23.972, -0.017, -0.066, 0.035
23.989, -0.017, -0.066, 0.035
24.006, -0.017, -0.066, 0.035
24.022, -0.017, -0.066, 0.035
24.039, -0.017, -0.066, 0.035
24.056, -0.017, -0.066, 0.035
24.072, -0.017, -0.066, 0.035
24.089, -0.017, -0.066, 0.035
24.106, -0.017, -0.066, 0.035
24.122, -0.017, -0.066, 0.035
24.139, -0.017, -0.066, 0.035
24.155, -0.017, -0.066, 0.035
24.172, -0.017, -0.066, 0.035
24.189, -0.017, -0.066, 0.035
24.206, -0.017, -0.066, 0.035
24.222, -0.017, -0.066, 0.035
24.239, -0.017, -0.066, 0.035
24.256, -0.017, -0.066, 0.035
24.272, -0.017, -0.066, 0.035
24.289, -0.017, -0.066, 0.035
24.306, -0.017, -0.066, 0.035
24.322, -0.017, -0.066, 0.035
24.339, -0.017, -0.066, 0.035
24.356, -0.017, -0.066, 0.035
24.372, -0.017, -0.066, 0.035
24.389, -0.017, -0.066, 0.035
24.406, -0.017, -0.066, 0.035
24.422, -0.017, -0.066, 0.035
24.439, -0.017, -0.066, 0.035
24.455, -0.017, -0.066, 0.035
24.472, -0.017, -0.066, 0.035
24.489, -0.017, -0.066, 0.035
24.506, -0.017, -0.066, 0.035
24.522, -0.017, -0.066, 0.035
24.539, -0.017, -0.066, 0.035
24.556, -0.017, -0.066, 0.035
24.572, -0.017, -0.066, 0.035
24.589, -0.017, -0.066, 0.035
24.605, -0.017, -0.066, 0.035
24.622, -0.017, -0.066, 0.035
24.639, -0.017, -0.066, 0.035
24.655, -0.017, -0.066, 0.035
24.672, -0.017, -0.066, 0.035
24.690, -0.017, -0.066, 0.035
24.706, -0.017, -0.066, 0.035
24.722, -0.017, -0.066, 0.035
24.739, -0.017, -0.066, 0.035
24.756, -0.017, -0.066, 0.035
24.772, -0.017, -0.066, 0.035
24.789, -0.017, -0.066, 0.035
24.806, -0.017, -0.066, 0.035
24.822, -0.017, -0.066, 0.035
24.839, -0.017, -0.066, 0.035
24.855, -0.017, -0.066, 0.035
24.872, -0.017, -0.066, 0.035
24.889, -0.017, -0.066, 0.035
24.906, -0.017, -0.066, 0.035
24.922, -0.017, -0.066, 0.035
24.939, -0.017, -0.066, 0.035
24.955, -0.017, -0.066, 0.035
24.972, -0.017, -0.066, 0.035
24.989, -0.017, -0.066, 0.035
25.006, -0.017, -0.066, 0.035
25.022, -0.017, -0.066, 0.035
25.039, -0.017, -0.066, 0.035
25.055, -0.017, -0.066, 0.035
25.072, -0.017, -0.066, 0.035
25.089, -0.017, -0.066, 0.035
25.106, -0.017, -0.066, 0.035
25.122, -0.017, -0.066, 0.035
25.139, -0.017, -0.066, 0.035
25.155, -0.017, -0.066, 0.035
25.172, -0.017, -0.066, 0.035
25.189, -0.017, -0.066, 0.035
25.205, -0.017, -0.066, 0.035
25.222, -0.017, -0.066, 0.035
25.239, -0.017, -0.066, 0.035
25.255, -0.017, -0.066, 0.035
25.272, -0.017, -0.066, 0.035
25.289, -0.017, -0.066, 0.035
25.305, -0.017, -0.066, 0.035
25.322, -0.017, -0.066, 0.035
25.339, -0.017, -0.066, 0.035
25.355, -0.017, -0.066, 0.035
25.372, -0.017, -0.066, 0.035
25.389, -0.017, -0.066, 0.035
25.405, -0.017, -0.066, 0.035
25.422, -0.017, -0.066, 0.035
25.439, -0.017, -0.066, 0.035
25.455, -0.017, -0.066, 0.035
25.472, -0.017, -0.066, 0.035
25.489, -0.017, -0.066, 0.035
25.506, -0.017, -0.066, 0.035
25.522, -0.017, -0.066, 0.035
25.539, -0.017, -0.066, 0.035
25.555, -0.017, -0.066, 0.035
25.572, -0.017, -0.066, 0.035
25.589, -0.017, -0.066, 0.035
25.605, -0.017, -0.066, 0.035
25.622, -0.017, -0.066, 0.035
25.639, -0.017, -0.066, 0.035
25.655, -0.017, -0.066, 0.035
25.672, -0.017, -0.066, 0.035
25.689, -0.017, -0.066, 0.035
25.705, -0.017, -0.066, 0.035
25.722, -0.017, -0.066, 0.035
25.739, -0.017, -0.066, 0.035
25.755, -0.017, -0.066, 0.035
25.772, -0.017, -0.066, 0.035
25.789, -0.017, -0.066, 0.035
25.806, -0.017, -0.066, 0.035
25.822, -0.017, -0.066, 0.035
25.839, -0.017, -0.066, 0.035
25.856, -0.017, -0.066, 0.035
25.872, -0.017, -0.066, 0.035
25.889, -0.017, -0.066, 0.035
25.906, -0.017, -0.066, 0.035
25.922, -0.017, -0.066, 0.035
25.939, -0.017, -0.066, 0.035
25.956, -0.017, -0.066, 0.035
25.972, -0.017, -0.066, 0.035
25.989, -0.017, -0.066, 0.035
26.006, -0.017, -0.066, 0.035
26.022, -0.017, -0.066, 0.035
26.039, -0.017, -0.066, 0.035
26.056, -0.017, -0.066, 0.035
26.072, -0.017, -0.066, 0.035
26.089, -0.017, -0.066, 0.035
26.106, -0.017, -0.066, 0.035
26.122, -0.017, -0.066, 0.035
26.139, -0.017, -0.066, 0.035
26.156, -0.017, -0.066, 0.035
26.172, -0.017, -0.066, 0.035
26.189, -0.017, -0.066, 0.035
26.206, -0.017, -0.066, 0.035
26.222, -0.017, -0.066, 0.035
26.239, -0.017, -0.066, 0.035
26.256, -0.017, -0.066, 0.035
26.272, -0.017, -0.066, 0.035
26.289, -0.017, -0.066, 0.035
26.306, -0.017, -0.066, 0.035
26.322, -0.017, -0.066, 0.035
26.339, -0.017, -0.066, 0.035
26.356, -0.017, -0.066, 0.035
26.372, -0.017, -0.066, 0.035
26.389, -0.017, -0.066, 0.035
26.406, -0.017, -0.066, 0.035
26.422, -0.017, -0.066, 0.035
26.439, -0.017, -0.066, 0.035
26.456, -0.017, -0.066, 0.035
26.472, -0.017, -0.066, 0.035
26.489, -0.017, -0.066, 0.035
26.506, -0.017, -0.066, 0.035
26.522, -0.017, -0.066, 0.035
26.539, -0.017, -0.066, 0.035
26.556, -0.017, -0.066, 0.035
26.572, -0.017, -0.066, 0.035
26.589, -0.017, -0.066, 0.035
26.606, -0.017, -0.066, 0.035
26.622, -0.017, -0.066, 0.035
26.639, -0.017, -0.066, 0.035
26.656, -0.017, -0.066, 0.035
26.672, -0.017, -0.066, 0.035
26.689, -0.017, -0.066, 0.035
26.706, -0.017, -0.066, 0.035
26.722, -0.017, -0.066, 0.035
26.739, -0.017, -0.066, 0.035
26.759, -0.017, -0.066, 0.035
26.772, -0.017, -0.066, 0.035
26.789, -0.017, -0.066, 0.035
26.806, -0.017, -0.066, 0.035
26.822, -0.017, -0.066, 0.035
26.839, -0.017, -0.066, 0.035
26.856, -0.017, -0.066, 0.035
26.872, -0.017, -0.066, 0.035
26.889, -0.017, -0.066, 0.035
26.906, -0.017, -0.066, 0.035
26.922, -0.017, -0.066, 0.035
26.939, -0.017, -0.066, 0.035
26.956, -0.017, -0.066, 0.035
26.972, -0.017, -0.066, 0.035
26.989, -0.017, -0.066, 0.035
27.006, -0.017, -0.066, 0.035
27.022, -0.017, -0.066, 0.035
27.039, -0.017, -0.066, 0.035
27.056, -0.017, -0.066, 0.035
27.072, -0.017, -0.066, 0.035
27.089, -0.017, -0.066, 0.035
27.106, -0.017, -0.066, 0.035
27.122, -0.017, -0.066, 0.035
27.139, -0.017, -0.066, 0.035
27.156, -0.017, -0.066, 0.035
27.172, -0.017, -0.066, 0.035
27.189, -0.017, -0.066, 0.035
27.206, -0.017, -0.066, 0.035
27.222, -0.017, -0.066, 0.035
27.239, -0.017, -0.066, 0.035
27.256, -0.017, -0.066, 0.035
27.272, -0.017, -0.066, 0.035
27.289, -0.017, -0.066, 0.035
27.306, -0.017, -0.066, 0.035
27.322, -0.017, -0.066, 0.035
27.339, -0.017, -0.066, 0.035
27.356, -0.017, -0.066, 0.035
27.372, -0.017, -0.066, 0.035
27.389, -0.017, -0.066, 0.035
27.406, -0.017, -0.066, 0.035
27.422, -0.017, -0.066, 0.035
27.439, -0.017, -0.066, 0.035
27.456, -0.017, -0.066, 0.035
27.472, -0.017, -0.066, 0.035
27.489, -0.017, -0.066, 0.035
27.506, -0.017, -0.066, 0.035
27.522, -0.017, -0.066, 0.035
27.539, -0.017, -0.066, 0.035
27.555, -0.017, -0.066, 0.035
27.572, -0.017, -0.066, 0.035
27.589, -0.017, -0.066, 0.035
27.606, -0.017, -0.066, 0.035
27.622, -0.017, -0.066, 0.035
27.639, -0.017, -0.066, 0.035
27.655, -0.017, -0.066, 0.035
27.672, -0.017, -0.066, 0.035
27.689, -0.017, -0.066, 0.035
27.706, -0.017, -0.066, 0.035
27.722, -0.017, -0.066, 0.035
27.739, -0.017, -0.066, 0.035
27.756, -0.017, -0.066, 0.035
27.772, -0.017, -0.066, 0.035
27.789, -0.017, -0.066, 0.035
27.806, -0.017, -0.066, 0.035
27.822, -0.017, -0.066, 0.035
27.839, -0.017, -0.066, 0.035
27.856, -0.017, -0.066, 0.035
27.872, -0.017, -0.066, 0.035
27.889, -0.017, -0.066, 0.035
27.906, -0.017, -0.066, 0.035
27.922, -0.017, -0.066, 0.035
27.939, -0.017, -0.066, 0.035
27.956, -0.017, -0.066, 0.035
27.972, -0.017, -0.066, 0.035
27.989, -0.017, -0.066, 0.035
28.006, -0.017, -0.066, 0.035
28.022, -0.017, -0.066, 0.035
28.039, -0.017, -0.066, 0.035
28.056, -0.017, -0.066, 0.035
28.072, -0.017, -0.066, 0.035
28.089, -0.017, -0.066, 0.035
28.106, -0.017, -0.066, 0.035
28.122, -0.017, -0.066, 0.035
28.139, -0.017, -0.066, 0.035
28.156, -0.017, -0.066, 0.035
28.172, -0.017, -0.066, 0.035
28.189, -0.017, -0.066, 0.035
28.206, -0.017, -0.066, 0.035
28.222, -0.017, -0.066, 0.035
28.239, -0.017, -0.066, 0.035
28.256, -0.017, -0.066, 0.035
28.272, -0.017, -0.066, 0.035
28.289, -0.017, -0.066, 0.035
28.306, -0.017, -0.066, 0.035
28.323, -0.017, -0.066, 0.035
28.339, -0.017, -0.066, 0.035
28.356, -0.017, -0.066, 0.035
28.372, -0.017, -0.066, 0.035
28.389, -0.017, -0.066, 0.035
28.406, -0.017, -0.066, 0.035
28.423, -0.017, -0.066, 0.035
28.439, -0.017, -0.066, 0.035
28.456, -0.017, -0.066, 0.035
28.473, -0.017, -0.066, 0.035
28.489, -0.017, -0.066, 0.035
28.506, -0.017, -0.066, 0.035
28.522, -0.017, -0.066, 0.035
28.539, -0.017, -0.066, 0.035
28.556, -0.017, -0.066, 0.035
28.572, -0.017, -0.066, 0.035
28.589, -0.017, -0.066, 0.035
28.606, -0.017, -0.066, 0.035
28.622, -0.017, -0.066, 0.035
28.639, -0.017, -0.066, 0.035
28.656, -0.017, -0.066, 0.035
28.672, -0.017, -0.066, 0.035
28.689, -0.017, -0.066, 0.035
28.706, -0.017, -0.066, 0.035
28.722, -0.017, -0.066, 0.035
28.739, -0.017, -0.066, 0.035
28.756, -0.017, -0.066, 0.035
28.772, -0.017, -0.066, 0.035
28.789, -0.017, -0.066, 0.035
28.806, -0.017, -0.066, 0.035
28.823, -0.017, -0.066, 0.035
28.839, -0.017, -0.066, 0.035
28.856, -0.017, -0.066, 0.035
28.872, -0.017, -0.066, 0.035
28.889, -0.017, -0.066, 0.035
28.906, -0.017, -0.066, 0.035
28.923, -0.017, -0.066, 0.035
28.939, -0.017, -0.066, 0.035
28.956, -0.017, -0.066, 0.035
28.973, -0.017, -0.066, 0.035
28.989, -0.017, -0.066, 0.035
29.006, -0.017, -0.066, 0.035
29.022, -0.017, -0.066, 0.035
29.039, -0.017, -0.066, 0.035
29.056, -0.017, -0.066, 0.035
29.072, -0.017, -0.066, 0.035
29.089, -0.017, -0.066, 0.035
29.106, -0.017, -0.066, 0.035
29.122, -0.017, -0.066, 0.035
29.139, -0.017, -0.066, 0.035
29.156, -0.017, -0.066, 0.035
29.173, -0.017, -0.066, 0.035
29.189, -0.017, -0.066, 0.035
29.206, -0.017, -0.066, 0.035
29.223, -0.017, -0.066, 0.035
29.239, -0.017, -0.066, 0.035
29.256, -0.017, -0.066, 0.035
29.273, -0.017, -0.066, 0.035
29.289, -0.017, -0.066, 0.035
29.306, -0.017, -0.066, 0.035
29.323, -0.017, -0.066, 0.035
29.339, -0.017, -0.066, 0.035
29.356, -0.017, -0.066, 0.035
29.373, -0.017, -0.066, 0.035
29.389, -0.017, -0.066, 0.035
29.406, -0.017, -0.066, 0.035
29.423, -0.017, -0.066, 0.035
29.439, -0.017, -0.066, 0.035
29.456, -0.017, -0.066, 0.035
29.472, -0.017, -0.066, 0.035
29.489, -0.017, -0.066, 0.035
29.506, -0.017, -0.066, 0.035
29.522, -0.017, -0.066, 0.035
29.539, -0.017, -0.066, 0.035
29.556, -0.017, -0.066, 0.035
29.572, -0.017, -0.066, 0.035
29.589, -0.017, -0.066, 0.035
29.606, -0.017, -0.066, 0.035
29.623, -0.017, -0.066, 0.035
29.639, -0.017, -0.066, 0.035
29.656, -0.017, -0.066, 0.035
29.673, -0.017, -0.066, 0.035
29.689, -0.017, -0.066, 0.035
29.706, -0.017, -0.066, 0.035
29.722, -0.017, -0.066, 0.035
29.739, -0.017, -0.066, 0.035
29.756, -0.017, -0.066, 0.035
29.772, -0.017, -0.066, 0.035
29.789, -0.017, -0.066, 0.035
29.806, -0.017, -0.066, 0.035
29.822, -0.017, -0.066, 0.035
29.839, -0.017, -0.066, 0.035
29.856, -0.017, -0.066, 0.035
29.874, -0.017, -0.066, 0.035
29.889, -0.017, -0.066, 0.035
29.906, -0.017, -0.066, 0.035
29.923, -0.017, -0.066, 0.035
29.939, -0.017, -0.066, 0.035
29.956, -0.017, -0.066, 0.035
29.973, -0.017, -0.066, 0.035
29.989, -0.017, -0.066, 0.035
30.006, -0.017, -0.066, 0.035
30.023, -0.017, -0.066, 0.035
30.039, -0.017, -0.066, 0.035
30.056, -0.017, -0.066, 0.035
30.073, -0.017, -0.066, 0.035
30.089, -0.017, -0.066, 0.035
30.106, -0.017, -0.066, 0.035
30.123, -0.017, -0.066, 0.035
30.139, -0.017, -0.066, 0.035
30.156, -0.017, -0.066, 0.035
30.173, -0.017, -0.066, 0.035
30.189, -0.017, -0.066, 0.035
30.206, -0.017, -0.066, 0.035
30.223, -0.017, -0.066, 0.035
30.240, -0.017, -0.066, 0.035
30.256, -0.017, -0.066, 0.035
30.272, -0.017, -0.066, 0.035
30.289, -0.017, -0.066, 0.035
